molecule name 	Accepter list (core)	Donor list (core)	Donor list (big/donor group)
0CZ0	18, 38, 42, 40, 23, 21, 19, 31, 33, 35	50, 37, 39, 41, 49, 20, 22, 24, 32, 34, 36	50, 37, 39, 41, 49, 20, 22, 24, 32, 34, 36, 44, 45, 47, 25, 28, 30
0DA0	18, 38, 42, 40, 23, 21, 19, 31, 33, 35	50, 37, 39, 41, 49, 20, 22, 24, 32, 34, 36	50, 37, 39, 41, 49, 20, 22, 24, 32, 34, 36, 44, 45, 47, 25, 28, 30
0DB0	1, 7, 9, 5, 13, 16, 17, 23, 28, 26	3, 6, 8, 4, 15, 14, 19, 2, 25, 24, 29	
0TD0	9, 17, 18, 29, 16, 15, 28, 13, 14, 27	20, 10, 19, 21, 25, 26, 12, 22, 11, 23, 24	
1CZ1	3, 14, 28, 15, 13, 27, 12, 5, 17, 4 	10, 19, 20, 6,2, 11, 9, 8, 7, 21, 22	10, 19, 20, 6, 2, 11, 9, 8, 7, 21, 22, 25, 26, 34, 23 24, 33
1CZ2	20, 23, 32, 30, 18, 2, 16, 11, 13, 3	22, 33. 21. 31, 10, 12, 14, 1, 19, 15, 18	22, 33. 21. 31, 10, 12, 14, 1, 19, 15, 17, 9, 5, 7, 25, 29, 27
1CZ3	47, 18, 16, 14, 5, 3,  1, 31, 27, 29	9, 2, 4, 6, 30, 32, 28, 22, 17, 15, 19	9, 2, 4, 6, 30, 32, 28, 22, 17, 15, 20, 20, 26, 24, 7, 13, 11
1CZ4	2, 11, 12, 26, 3, 4, 16, 13, 14, 27	7, 20, 6, 21, 1, 8, 10, 9, 5, 18, 19	7, 20, 6, 21, 1, 8, 10, 9, 5, 18, 20, 22, 23, 32, 24, 25, 33
1CZ5	4, 14, 15, 28, 15, 16, 29, 5, 6, 18	9, 8, 22, 23, 11, 7, 20, 21, 3, 12, 10	9, 8, 22, 23, 11, 7, 20, 21, 3, 12, 10, 26, 27, 35, 24, 25, 34
1DA1	3, 12, 13, 21, 15, 14, 22, 4, 5, 16	8, 10, 7, 19, 20, 6, 17, 18, 2, 11, 9	8, 10, 7, 19, 20, 6, 17, 18, 2, 11, 9, 1, 35, 36, 7, 38, 39, 40, 41, 42, 43, 44, 45, 46
1DA2	2, 13, 14, 21, 11, 12, 20, 3, 4, 15	7, 9, 1, 8, 10, 5, 16, 17, 6, 18, 19	7, 9, 1, 8, 10, 5, 16, 17, 6, 18, 19, 34, 35, 36, 37, 38, 39, 40, 41, 42, 43, 44, 45
1DA3	2, 13, 14, 21, 11, 12, 20, 3, 4, 15	7, 9, 1, 8, 10, 5, 16, 17, 6, 18, 19	7, 9, 1, 8, 10, 5, 16, 17, 6, 18, 19, 34, 35, 36, 37, 38, 39, 40, 41, 42, 43, 44, 45, 46
1DA5	4, 15, 16, 23, 13, 14, 22, 5, 6, 17	9, 11, 7, 18, 19, 8, 20, 21, 3, 10, 17	9, 11, 7, 18, 19, 8, 20, 21, 3, 10, 17, 36, 37, 38, 39, 40, 41, 42, 43, 44, 45, 46, 47, 48, 49, 1, 2
1DB1	1, 10, 15, 13, 2, 4, 6, 19, 22, 23	30, 3, 5, 7, 20, 21, 25, 31, 11, 12, 16	30, 3, 5, 7, 20, 21, 25, 31, 11, 12, 16, 32, 33, 34, 35, 36, 38, 40, 44, 45, 46, 47, 49, 51 
1DB2	1, 7, 8, 20, 9, 10, 21, 5, 6, 19	14, 2, 13, 11, 3, 15, 16, 12, 4, 17, 19	14, 2, 13, 11, 3, 15, 16, 12, 4, 17, 19, 22, 24, 27, 28, 31, 34, 32, 23, 24, 25, 29, 33, 30
1DB3	1, 6, 8, 31, 11, 14, 15, 21, 26, 24	2, 3, 22, 24, 27, 12, 13, 17, 7, 4, 5	2, 3, 22, 24, 27, 12, 13, 17, 7, 4, 5, 32, 33, 34, 35, 36, 37, 38, 39, 40, 42, 43, 45, 46, 49
1DB4	53, 24, 20, 16, 12, 5, 8, 26, 32, 29	2, 3, 25, 27, 30, 15, 22, 18, 14, 6, 10	2, 3, 25, 27, 30, 15, 22, 18, 14, 6, 10, 4, 1, 33, 42, 34, 36, 38, 40, 52, 50, 48, 46, 44, 43
1DB5	61, 15, 19, 23, 5, 13, 9, 31, 25, 28	1, 2, 24, 29, 26, 4, 11, 7, 21, 14, 17	1, 2, 24, 29, 26, 4, 11, 7, 21, 14, 17, 3, 32, 41, 39, 37, 35, 33, 52, 43, 44, 46, 48, 50, 53, 57
1OB1	2, 10, 11, 22, 9, 8, 21, 6, 7, 20	14, 13, 18, 5, 19, 4, 16, 17, 3, 15, 12	14, 13, 18, 5, 19, 4, 16, 17, 3, 15, 12, 1, 29, 31, 33, 34, 32, 30, 35, 36, 37, 39, 38, 40
1OB2	1, 9, 10, 21, 8, 7, 20, 5, 6, 19	12, 13, 4, 17, 18, 3, 15, 16, 2, 11, 14	12, 13, 4, 18, 18, 3, 15, 16, 2, 11, 14, 28, 29, 31, 32, 35, 36, 39, 30, 33, 34, 37, 38, 40
1OB3	1, 9, 10, 21, 8, 7, 20, 5, 6, 19	12, 13, 4, 17, 18, 3, 15, 16, 2, 11, 14	12, 13, 4, 18, 18, 3, 15, 16, 2, 11, 14, 28, 29, 31, 32, 35, 36, 39, 30, 33, 34, 37, 38, 39, 40, 41
1OB4	1, 9, 10, 21, 8, 7, 20, 5, 6, 19	12, 13, 4, 17, 18, 3, 15, 16, 2, 11, 14	12, 13, 4, 18, 18, 3, 15, 16, 2, 11, 14, 28, 29, 31, 32, 35, 36, 39, 30, 33, 34, 37, 38, 39, 40, 41
1TD1	11, 21, 20, 29, 23, 22, 30, 13, 12, 24	10, 25, 26, 14, 22, 23, 30, 10, 16, 18	10, 25, 26, 14, 22, 23, 30, 10, 16, 19, 1, 31, 33, 35, 32, 34, 36, 37, 38, 39, 41, 42, 40
1TD2	9, 17, 18, 29, 16, 15, 28, 13, 14, 27	20, 10, 19, 21, 25, 26, 12, 22, 11, 23, 24	20, 10, 19, 21, 25, 26, 12, 22, 11, 23, 24, 30, 31, 32, 33, 34, 35, 36, 37, 38, 39, 40, 41, 42
1TD3	9, 17, 18, 29, 16, 15, 28, 13, 14, 27	20, 10, 19, 21, 25, 26, 12, 22, 11, 23, 24	20, 10, 19, 21, 25, 26, 12, 22, 11, 23, 24, 30, 31, 32, 33, 34, 35, 36, 37, 38, 39, 40, 41, 42, 43
1TD4	9, 17, 18, 29, 16, 15, 28, 13, 14, 27	20, 10, 19, 21, 25, 26, 12, 22, 11, 23, 24	20, 10, 19, 21, 25, 26, 12, 22, 11, 23, 24, 30, 31, 32, 33, 34, 35, 36, 37, 38, 39, 40, 41, 42, 43
1TD5	11, 17, 18, 30, 20, 19, 31, 15, 16, 29	22, 14, 27, 28, 12, 21, 23, 24, 13, 25, 26	22, 14, 27, 28, 12, 21, 23, 24, 13, 25, 26, 32, 33, 34, 35, 36, 37, 38, 39, 40, 41, 42, 43, 44, 45, 9, 10
2DB1	1, 5, 7, 9, 20, 23, 25, 11, 14, 15	2, 3, 4, 6, 8, 21, 22, 26, 11, 14, 15	
2DB2	1, 5, 7, 9, 22, 27, 25, 13, 16, 17	2, 3, 4, 6, 8, 23, 24, 28, 19, 14, 15	
2DB3	1, 5, 7, 9, 21, 24, 26, 11, 14, 15	2, 3, 4, 6, 8, 23, 22, 27, 12, 13, 17	
3TD1	5, 9, 21, 19, 3, 7, 12, 1, 14, 16	2, 8, 4, 11, 13, 6, 18, 20, 10, 16, 17	
3TD2	5, 9, 21, 19, 3, 7, 12, 1, 14, 16	2, 8, 4, 11, 13, 6, 18, 20, 10, 16, 17	
3TD3	5, 9, 21, 19, 3, 7, 12, 1, 14, 16	2, 8, 4, 11, 13, 6, 18, 20, 10, 16, 17	